Summary Statistics for Execution Time
====================================================================================================

d        k        Approach     User Time (s)   System Time (s) Elapsed Time (s) CPU %           RSS (KB)       
----------------------------------------------------------------------------------------------------
100      10       efficient    0.0217          0.1137          0.2647          52.6            2330           
100      10       ingenuous    0.0283          0.1023          0.3617          49.9            2302           
100      25       efficient    0.2517          0.9227          0.8340          154.6           2646           
100      25       ingenuous    0.2327          0.8387          0.8160          144.6           2981           
100      50       efficient    1.8150          4.8483          1.7033          422.0           3086           
100      50       ingenuous    1.6870          4.8743          1.6070          423.1           3568           
----------------------------------------------------------------------------------------------------
250      10       efficient    0.0617          0.2687          0.7513          49.6            2672           
250      10       ingenuous    0.0567          0.2860          0.6587          52.4            2327           
250      25       efficient    0.6120          2.2383          2.0260          149.0           2857           
250      25       ingenuous    0.5940          2.1163          1.8807          148.1           2730           
250      50       efficient    4.3077          11.4353         4.1313          398.1           3750           
250      50       ingenuous    4.3830          12.5113         4.1223          421.0           3172           
----------------------------------------------------------------------------------------------------
500      10       efficient    0.1210          0.5413          1.3517          51.8            2728           
500      10       ingenuous    0.1237          0.5483          1.3967          50.5            2340           
500      25       efficient    1.3823          4.4497          3.9670          151.3           3056           
500      25       ingenuous    1.2473          4.3287          3.9367          147.4           2613           
500      50       efficient    8.9533          24.0467         8.0850          413.8           3227           
500      50       ingenuous    8.2200          23.8193         8.0027          407.6           3279           
----------------------------------------------------------------------------------------------------


Context Switches Statistics
============================================================

d        k        Approach     Voluntary       Involuntary    
------------------------------------------------------------
100      10       efficient    36364           0              
100      10       ingenuous    35951           0              
100      25       efficient    196444          1              
100      25       ingenuous    186837          1              
100      50       efficient    652868          63             
100      50       ingenuous    648406          65             
------------------------------------------------------------
250      10       efficient    88806           0              
250      10       ingenuous    88757           0              
250      25       efficient    485061          3              
250      25       ingenuous    466900          2              
250      50       efficient    1556241         101            
250      50       ingenuous    1653417         108            
------------------------------------------------------------
500      10       efficient    170253          0              
500      10       ingenuous    175706          0              
500      25       efficient    977251          4              
500      25       ingenuous    944453          5              
500      50       efficient    3210693         167            
500      50       ingenuous    3150272         172            
------------------------------------------------------------
