1 COMPACTAR
2 25
3 30
4 35
5 40
6 45
7 50
8 25
9 30
10 35
11 40
12 45
13 50
14 20
15 25
16 30
17 35
18 20
19 25
20 30
21 35
22 20
23 25
24 30
25 35
26 15
27 20
28 25
29 30
30 15
31 20
32 25
33 30
34 15
35 20
36 25
37 30
38 15
39 20
40 25
41 30
42 40
43 45
44 50
45 55
46 40
47 45
48 50
49 55
50 60
51 65
52 70
53 60
54 65
55 70
56 75
57 80
58 35
59 40
60 45
61 50
62 25
63 30
64 35
65 40
66 45
67 50
68 25
69 30
70 35
71 40
72 45
73 50
74 20
75 25
76 30
77 35
78 20
79 25
80 30
81 35
82 20
83 25
84 30
85 35
86 15
87 20
88 25
89 30
90 15
91 20
92 25
93 30
94 15
95 20
96 25
97 30
98 15
99 20
100 25
101 30
102 40
103 45
104 50
105 55
106 40
107 45
108 50
109 55
110 60
111 65
112 70
113 60
114 65
115 70
116 75
117 80
118 35
119 40
120 45
121 50
122 25
123 30
124 35
125 40
126 45
127 50
128 25
129 30
130 35
131 40
132 45
133 50
134 20
135 25
136 30
137 35
138 20
139 25
140 30
141 35
142 20
143 25
144 30
145 35
146 15
147 20
148 25
149 30
150 15
151 20
152 25
153 30
154 15
155 20
156 25
157 30
158 15
159 20
160 25
161 30
162 40
163 45
164 50
165 55
166 40
167 45
168 50
169 55
170 60
171 65
172 70
173 60
174 65
175 70
176 75
177 80
178 35
179 40
180 45
181 50
182 25
183 30
184 35
185 40
186 45
187 50
188 25
189 30
190 35
191 40
192 45
193 50
194 30
195 35
196 40
197 45
198 30
199 35
200 40