1 50
2 30
3 20
4 100
5 15
6 25
7 35
8 45
9 10
10 40
11 60
12 80
13 12
14 18
15 22
16 28
17 32
18 38
19 42
20 48
21 52
22 58
23 62
24 68
25 72
26 78
27 16
28 24
29 36
30 44
31 54
32 64
33 74
34 84
35 14
36 26
37 34
38 46
39 56
40 66
41 76
42 8
43 12
44 16
45 20
46 24
47 28
48 32
49 36
50 40
51 44
52 48
53 52
54 56
55 60
56 64
57 68
58 90
59 95
60 110
61 55
62 33
63 27
64 105
65 17
66 29
67 39
68 49
69 13
70 43
71 63
72 83
73 15
74 21
75 25
76 31
77 35
78 41
79 45
80 51
81 55
82 61
83 65
84 71
85 75
86 81
87 19
88 27
89 39
90 47
91 57
92 67
93 77
94 87
95 17
96 29
97 37
98 49
99 59
100 69
101 79
102 11
103 15
104 19
105 23
106 27
107 31
108 35
109 39
110 43
111 47
112 51
113 55
114 59
115 63
116 67
117 71
118 93
119 98
120 113
121 58
122 36
123 30
124 108
125 20
126 32
127 42
128 52
129 16
130 46
131 66
132 86
133 18
134 24
135 28
136 34
137 38
138 44
139 48
140 54
141 58
142 64
143 68
144 74
145 78
146 84
147 22
148 30
149 42
150 50
151 60
152 70
153 80
154 90
155 20
156 32
157 40
158 52
159 62
160 72
161 82
162 14
163 18
164 22
165 26
166 30
167 34
168 38
169 42
170 46
171 50
172 54
173 58
174 62
175 66
176 70
177 74
178 96
179 101
180 116
181 61
182 39
183 33
184 111
185 23
186 35
187 45
188 55
189 19
190 49
191 69
192 89
193 21
194 27
195 31
196 37
197 41
198 47
199 51
200 57 