1 200
2 10
3 180
4 15
5 160
6 8
7 140
8 12
9 120
10 18
11 100
12 22
13 5
14 150
15 7
16 130
17 9
18 110
19 11
20 90
21 13
22 70
23 16
24 50
25 20
26 25
27 80
28 30
29 60
30 35
31 40
32 6
33 120
34 8
35 100
36 10
37 80
38 12
39 60
40 14
41 4
42 200
43 6
44 180
45 8
46 160
47 10
48 140
49 12
50 120
51 14
52 100
53 16
54 80
55 18
56 60
57 20
58 170
59 24
60 190
61 26
62 210
63 28
64 230
65 30
66 250
67 32
68 220
69 34
70 240
71 36
72 200
73 38
74 180
75 40
76 160
77 5
78 140
79 7
80 120
81 9
82 100
83 11
84 80
85 13
86 60
87 15
88 170
89 17
90 150
91 19
92 130
93 21
94 110
95 23
96 90
97 25
98 70
99 27
100 50
101 29
102 30
103 31
104 220
105 33
106 200
107 35
108 180
109 37
110 160
111 39
112 140
113 41
114 120
115 43
116 100
117 45
118 80
119 47
120 60
121 4
122 190
123 6
124 170
125 8
126 150
127 10
128 130
129 12
130 110
131 14
132 90
133 16
134 70
135 18
136 210
137 20
138 230
139 22
140 250
141 24
142 200
143 26
144 180
145 28
146 160
147 30
148 140
149 32
150 120
151 34
152 100
153 36
154 80
155 38
156 60
157 40
158 170
159 42
160 150
161 44
162 130
163 46
164 110
165 48
166 90
167 50
168 70
169 5
170 240
171 7
172 220
173 9
174 200
175 11
176 180
177 13
178 160
179 15
180 140
181 17
182 120
183 19
184 100
185 21
186 80
187 23
188 60
189 25
190 210
191 27
192 190
193 29
194 170
195 31
196 150
197 33
198 130
199 35
200 110 