1 10
2 10
3 10
4 10
5 10
6 10
7 10
8 10
9 10
10 10
11 150
12 8
13 8
14 8
15 8
16 8
17 8
18 8
19 8
20 8
21 8
22 200
23 12
24 12
25 12
26 12
27 12
28 12
29 12
30 12
31 12
32 12
33 250
34 6
35 6
36 6
37 6
38 6
39 6
40 6
41 6
42 6
43 6
44 180
45 15
46 15
47 15
48 15
49 15
50 15
51 15
52 15
53 15
54 15
55 220
56 9
57 9
58 9
59 9
60 9
61 9
62 9
63 9
64 9
65 9
66 240
67 7
68 7
69 7
70 7
71 7
72 7
73 7
74 7
75 7
76 7
77 190
78 11
79 11
80 11
81 11
82 11
83 11
84 11
85 11
86 11
87 11
88 210
89 13
90 13
91 13
92 13
93 13
94 13
95 13
96 13
97 13
98 13
99 230
100 5
101 5
102 5
103 5
104 5
105 5
106 5
107 5
108 5
109 5
110 170
111 14
112 14
113 14
114 14
115 14
116 14
117 14
118 14
119 14
120 14
121 200
122 4
123 4
124 4
125 4
126 4
127 4
128 4
129 4
130 4
131 4
132 160
133 16
134 16
135 16
136 16
137 16
138 16
139 16
140 16
141 16
142 16
143 180
144 3
145 3
146 3
147 3
148 3
149 3
150 3
151 3
152 3
153 3
154 140
155 17
156 17
157 17
158 17
159 17
160 17
161 17
162 17
163 17
164 17
165 120
166 2
167 2
168 2
169 2
170 2
171 2
172 2
173 2
174 2
175 2
176 100
177 18
178 18
179 18
180 18
181 18
182 18
183 18
184 18
185 18
186 18
187 80
188 1
189 1
190 1
191 1
192 1
193 1
194 1
195 1
196 1
197 1
198 60
199 19
200 19 