Summary Statistics for Memory Usage (in KB)
================================================================================

Track (d)  Cyclists (k) Approach        Mean (KB)    Median (KB)  Std Dev (KB) 95% CI (KB)         
--------------------------------------------------------------------------------
100        10         efficient       56.17        56.15        0.03         [56.16, 56.18]      
100        10         ingenuous       17.09        17.09        0.04         [17.08, 17.11]      
100        25         efficient       61.67        61.61        0.17         [61.60, 61.73]      
100        25         ingenuous       22.71        22.74        0.23         [22.62, 22.79]      
100        50         efficient       71.35        71.34        0.40         [71.20, 71.50]      
100        50         ingenuous       32.26        32.28        0.34         [32.13, 32.39]      
--------------------------------------------------------------------------------
250        10         efficient       126.47       126.47       0.04         [126.45, 126.48]    
250        10         ingenuous       28.83        28.81        0.06         [28.80, 28.85]      
250        25         efficient       131.90       131.86       0.06         [131.87, 131.92]    
250        25         ingenuous       34.30        34.26        0.13         [34.25, 34.35]      
250        50         efficient       141.36       141.28       0.30         [141.24, 141.48]    
250        50         ingenuous       44.00        43.89        0.32         [43.87, 44.13]      
--------------------------------------------------------------------------------
500        10         efficient       243.64       243.65       0.04         [243.62, 243.66]    
500        10         ingenuous       48.34        48.34        0.04         [48.32, 48.35]      
500        25         efficient       249.17       249.15       0.13         [249.12, 249.22]    
500        25         ingenuous       53.90        53.81        0.20         [53.82, 53.97]      
500        50         efficient       258.71       258.68       0.33         [258.58, 258.84]    
500        50         ingenuous       63.37        63.47        0.37         [63.22, 63.51]      
--------------------------------------------------------------------------------
